32 10
-0.172 -0.759 -0.437 -0.532 0.515 0.189 0.325 0.423 0.334 0.742
0.475 0.476 -0.053 -0.444 0.422 -0.495 0.120 0.178 -0.560 0.415
0.747 0.186 0.458 0.465 -0.730 0.392 -0.388 -0.396 -0.556 -0.211
0.222 -0.752 0.223 -0.371 -0.346 -0.064 0.576 -0.598 0.629 -0.204
-0.024 -0.760 0.305 0.089 -0.308 -0.500 -0.186 -0.428 0.495 0.071
-0.240 -0.344 0.247 -0.735 0.142 -0.254 0.434 0.552 0.647 -0.373
-0.630 -0.452 -0.413 0.809 0.552 0.612 0.309 0.728 -0.144 -0.002
-0.184 0.646 -0.216 -0.047 0.028 0.656 -0.019 -0.259 -0.726 0.423
0.277 0.242 -0.498 0.148 -0.076 0.245 0.679 -0.673 -0.509 0.645
0.162 0.698 -0.199 0.046 -0.468 0.512 0.491 -0.527 -0.735 -0.515
-0.757 -0.518 -0.299 -0.186 0.504 -0.125 0.668 -0.140 0.215 -0.506
-0.235 0.747 -0.029 -0.808 0.199 -0.476 -0.551 0.652 0.709 -0.568
0.254 0.088 0.397 -0.521 -0.634 -0.667 0.538 0.301 0.274 0.241
-0.138 0.433 0.490 -0.750 -0.605 -0.043 0.229 -0.314 -0.092 0.568
-0.378 0.543 0.445 -0.533 -0.067 0.528 -0.587 0.614 0.287 -0.498
-0.319 -0.190 0.629 -0.624 -0.236 0.241 -0.307 -0.011 -0.528 -0.293
0.147 0.210 -0.477 0.568 0.157 0.264 -0.176 0.309 -0.074 0.439
0.335 -0.351 0.362 0.268 -0.470 -0.773 0.675 -0.329 -0.048 -0.479
0.448 0.473 -0.321 -0.387 0.749 0.170 0.187 -0.516 0.435 0.415
0.493 0.444 -0.155 -0.017 0.618 -0.047 0.490 -0.388 0.653 -0.796
0.481 0.670 0.051 -0.657 0.022 0.754 -0.121 -0.638 0.450 0.617
0.043 0.450 0.479 -0.287 -0.718 -0.681 0.453 0.212 -0.294 -0.152
-0.464 -0.793 0.383 0.766 -0.150 0.527 -0.141 -0.124 0.342 -0.537
0.173 -0.127 0.205 -0.384 0.048 0.344 0.300 -0.556 0.706 -0.732
0.360 0.472 -0.511 0.279 0.292 -0.334 0.649 0.263 -0.654 0.645
0.646 -0.636 0.305 -0.794 -0.296 0.509 -0.518 -0.526 0.752 -0.572
-0.605 -0.113 -0.560 0.071 0.174 0.280 0.444 0.561 0.191 0.578
-0.378 -0.156 0.423 -0.732 -0.458 0.037 0.258 -0.021 -0.304 0.106
0.610 -0.109 -0.480 0.489 0.670 0.515 -0.237 -0.462 -0.519 0.024
0.292 0.394 0.321 -0.748 -0.136 -0.622 -0.601 -0.403 -0.670 0.490
-0.319 0.278 0.529 0.332 -0.599 0.516 0.043 -0.204 -0.559 -0.525
-0.572 -0.281 0.371 -0.776 0.120 -0.285 -0.240 0.674 -0.345 -0.299
